2.218321441760053858e+00
1.971822489955229685e+00
1.755605599289992824e+00
1.565661824773997068e+00
1.398543192291981541e+00
1.251286151426029392e+00
1.121335977470153011e+00
1.006488760613137856e+00
9.048378080624388531e-01
8.147355215478455648e-01
7.347530979095608927e-01
6.636510550270031672e-01
6.003527172360918485e-01
5.439202066409052350e-01
4.935375449385901447e-01
4.484925534852663986e-01
4.081632213783450425e-01
3.720057234058913309e-01
3.395432227298442740e-01
3.103582143230596557e-01
2.840840019953247975e-01
2.603983632798190229e-01
2.390173120811596164e-01
2.196910291604581289e-01
2.021989459076394269e-01
1.863462610263013630e-01
1.719607438967614144e-01
1.588896742532597273e-01
1.469978945858656516e-01
1.361653731978549331e-01
1.262854348642576952e-01
1.172632581437937915e-01
1.090142098623800848e-01
1.014629830594913074e-01
9.454231464712847810e-02
8.819210793990350794e-02
8.235849394668548484e-02
7.699332112997581135e-02
7.205338804828897992e-02
6.749990563932328769e-02
6.329801020916647758e-02
5.941635632544262080e-02
5.582668213418173764e-02
5.250347150465017876e-02
4.942383093572288999e-02
4.656690095902149551e-02
4.391399002602724977e-02
4.144803647077566211e-02
3.915360555190972036e-02
3.701677039975947991e-02
3.502477696789441097e-02
3.316613227068287983e-02
3.143030160998350198e-02
2.980769877342837049e-02
2.828963787072780178e-02
2.686812194881937899e-02
2.553591242977759634e-02
2.428633901337917678e-02
2.311330174813530647e-02
2.201125684723148623e-02
2.097506333763021757e-02
2.000005605634136430e-02
1.908191377398260613e-02
1.821666495909735062e-02
1.740068717505982576e-02
1.663061130200249593e-02
1.590333625857254241e-02
1.521602562878388021e-02
1.456602975506005038e-02
1.395093046801454406e-02
1.336846508050981708e-02
1.281654821706412761e-02
1.229326071639014195e-02
1.179680277480987804e-02
1.132552763715588551e-02
1.087788909504966428e-02
1.045245113744297516e-02
1.004789389418928036e-02
9.662969771428109311e-03
9.296536442819802737e-03
8.947515885373846789e-03
8.614902980670371968e-03
8.297771645022142262e-03
7.995242613892686312e-03
7.706509121314417121e-03
7.430806046420775079e-03
7.167417519535451698e-03
6.915683198391010811e-03
6.674975677622228820e-03
6.444706317676147239e-03
6.224332705153497181e-03
6.013333913545464149e-03
5.811231019790457503e-03
5.617567787191465184e-03
5.431914273174361096e-03
5.253873567918256743e-03
5.083063139407636988e-03
4.919131202525094115e-03
4.761740244632731156e-03
4.610571694609636242e-03
4.465331739826444366e-03
4.325735569345378825e-03
4.191520480621361081e-03
4.062433964725149435e-03
3.938237043542113305e-03
3.818709012705753976e-03
3.703634242437083349e-03
3.592815237757797028e-03
3.486060292677410112e-03
3.383187913176740128e-03
3.284030254198940825e-03
3.188422819371280678e-03
3.096213756590629126e-03
3.007258218024323922e-03
2.921414844473507830e-03
2.838554680139345095e-03
2.758552168530940124e-03
2.681287598868771493e-03
2.606649954032647966e-03
2.534529808869883175e-03
2.464828443731197256e-03
2.397443268139344032e-03
2.332284879878077956e-03
2.269265444446326441e-03
2.208298806595242886e-03
2.149306439276734912e-03
2.092210775228488771e-03
2.036938312153034614e-03
1.983420492671822237e-03
1.931589516897627614e-03
1.881382629094748536e-03
1.832738754088061080e-03
1.785599109820428486e-03
1.739909075044988439e-03
1.695614453324602051e-03
1.652665511913442402e-03
1.611013000735948743e-03
1.570609639932945764e-03
1.531412155762420547e-03
1.493376941287673926e-03
1.456462595400967192e-03
1.420630727394260042e-03
1.385842921756603747e-03
1.352063724382737524e-03
1.319258275065399080e-03
1.287392698502713186e-03
1.256435448779653821e-03
1.226356483918714189e-03
1.197125757803424017e-03
1.168715111754900331e-03
1.141097123343413162e-03
1.114245344211734021e-03
1.088135816119004465e-03
1.062743762668982546e-03
1.038045795682912597e-03
1.014019791463531550e-03
9.906434167562324245e-04
9.678974308627006674e-04
9.457611302504556443e-04
9.242152663104412965e-04
9.032414473335852612e-04
8.828214641574532459e-04
8.629389590028271797e-04
8.435769050929871728e-04
8.247193815498750444e-04
8.063510621166457759e-04
7.884566674575820304e-04
7.710227389768224476e-04
7.540349602349595776e-04
7.374801125388398939e-04
7.213452978218599194e-04
7.056176786013077049e-04
6.902860977212401956e-04
6.753385754606676611e-04
6.607638347868880282e-04
6.465511275153038549e-04
6.326901142453423416e-04
6.191701782965395836e-04
6.059823628490884758e-04
5.931168575926667802e-04
5.805645775849269281e-04
5.683165910236062743e-04
5.563641776374980827e-04
5.446996029950903258e-04
5.333145761238143557e-04
5.222014268325234510e-04
5.113525810604802957e-04
5.007605428443373486e-04
4.904189129135367101e-04
4.803205187025235963e-04
4.704588498563589934e-04
4.608274003067212811e-04
4.514198697837071847e-04
4.422307191779582878e-04
4.332538961856067703e-04
4.244837868781392207e-04
4.159149055800792703e-04
4.075417447311159482e-04
3.993596712417549514e-04
3.913633859711086304e-04
