3.381225941411685199e-01
3.019687023370352108e-01
2.702170138527435483e-01
2.422791568624234060e-01
2.176508903776266379e-01
1.959001850846107118e-01
1.766556736447455478e-01
1.595978340137662599e-01
1.444508833974396111e-01
1.309769612216769019e-01
1.189702138799475506e-01
1.082522763608722016e-01
9.866840982249414083e-02
9.008395703176574898e-02
8.238182032323493331e-02
7.545984400167071726e-02
6.922882074354674842e-02
6.361073678272077814e-02
5.853715326827568788e-02
5.394811788755760062e-02
4.979091858797346504e-02
4.601918575963281910e-02
4.259198531809715860e-02
3.947325698806025684e-02
3.663109584238100069e-02
3.403726750772761989e-02
3.166675161114085313e-02
2.949729705622416986e-02
2.750916624748356298e-02
2.568476849758383196e-02
2.400842844367900852e-02
2.246616239129650694e-02
2.104543983470819057e-02
1.973507541964636403e-02
1.852503130066907033e-02
1.740631278278925720e-02
1.637081055347877623e-02
1.541125274028232184e-02
1.452107942115077321e-02
1.369437546716767429e-02
1.292579722602660297e-02
1.221051881658041793e-02
1.154416049071116390e-02
1.092275159050970501e-02
1.034271026568500673e-02
9.800753840886855528e-03
9.293924506319051204e-03
8.819507497015877107e-03
8.375031707696933836e-03
7.958256728104462496e-03
7.567115636991417205e-03
7.199736889317076560e-03
6.854393592666596646e-03
6.529503852879203762e-03
6.223629799140262264e-03
5.935434330097466571e-03
5.663697342706996984e-03
5.407304498671106074e-03
5.165205411268525282e-03
4.936455835599928843e-03
4.720169782631511435e-03
4.515539859346107132e-03
4.321811797317998138e-03
4.138287934553341874e-03
3.964329402170230221e-03
3.799337779395839387e-03
3.642757871354096455e-03
3.494079940747060742e-03
3.352823674913144036e-03
3.218548687069430758e-03
3.090840584671905589e-03
2.969313862881052535e-03
2.853613438135629843e-03
2.743402703419009492e-03
2.638373402048303784e-03
2.538232978682605084e-03
2.442707872772675870e-03
2.351546850165656122e-03
2.264509526619041396e-03
2.181375412772409289e-03
2.101934508711607308e-03
2.025990579239987655e-03
1.953361675425060312e-03
1.883873692747187190e-03
1.817366562241210133e-03
1.753687117811020789e-03
1.692691675412451302e-03
1.634247152804849633e-03
1.578226001372090657e-03
1.524508054352146421e-03
1.472982243909972799e-03
1.423540974065030940e-03
1.376085624758264202e-03
1.330520861723781707e-03
1.286756994908178423e-03
1.244710674011953021e-03
1.204301048926934188e-03
1.165453768715263641e-03
1.128096912826159152e-03
1.092162471852048140e-03
1.057587362667475502e-03
1.024309968012193780e-03
9.922737079902212501e-04
9.614235095539167344e-04
9.317072942173587440e-04
9.030767626753257241e-04
8.754844429659707026e-04
8.488867124370305705e-04
8.232411202929372333e-04
7.985073427409052679e-04
7.746479176495922169e-04
7.516259653545175837e-04
7.294075524714226186e-04
7.079595880877171711e-04
6.872504850299685896e-04
6.672509292680736063e-04
6.479322643308481604e-04
6.292671574564640772e-04
6.112301978408801132e-04
5.937963018611631862e-04
5.769423794495626926e-04
5.606457128868864818e-04
5.448845348687037264e-04
5.296388466261810809e-04
5.148886335663525058e-04
5.006154682325716834e-04
4.868013106276276544e-04
4.734287944961178968e-04
4.604818460620331479e-04
4.479444935733126795e-04
4.358019576971130030e-04
4.240396660085658668e-04
4.126437522135255982e-04
4.016012277685630360e-04
3.908991516386575217e-04
3.805256926228175996e-04
3.704690166635182282e-04
3.607178386106621774e-04
3.512617207339344041e-04
3.420902183239953021e-04
3.331933577834397765e-04
3.245619038564188669e-04
3.161864706270049079e-04
3.080585873350511969e-04
3.001697261071503502e-04
2.925117086593549578e-04
2.850768825229102661e-04
2.778578331748862945e-04
2.708473425635480616e-04
2.640384725788732460e-04
2.574245848356132267e-04
2.509991203045305115e-04
2.447562789116869311e-04
2.386899456740624323e-04
2.327944182233587843e-04
2.270641969929457931e-04
2.214938841831146251e-04
2.160786077806071742e-04
2.108133736193081151e-04
2.056934118842984073e-04
2.007141524114052227e-04
1.958710677897141587e-04
1.911601957787760638e-04
1.865772841564123210e-04
1.821183876660165504e-04
1.777797010658222366e-04
1.735574332819222684e-04
1.694482579098365482e-04
1.654486297713968755e-04
1.615552377583393234e-04
1.577648953753262257e-04
1.540744155172044951e-04
1.504809971316896995e-04
1.469816747000749651e-04
1.435736567507342291e-04
1.402542648989832581e-04
1.370208878176610353e-04
1.338709244104960034e-04
1.308021116093466686e-04
1.278120194939206535e-04
1.248983605785108930e-04
1.220589461965635131e-04
1.192915773355118970e-04
1.165943244883868189e-04
1.139651385309456232e-04
1.114020665483971928e-04
1.089032694972064493e-04
1.064668518919632828e-04
1.040912023514097609e-04
1.017745476837013472e-04
9.951526021155328501e-05
9.731174516296426877e-05
9.516240676343078035e-05
9.306584384401273631e-05
9.102057307553763259e-05
8.902518265937194410e-05
8.707831785994226055e-05
8.517861816373564342e-05
8.332487883708835242e-05
8.151583776677135535e-05
